/**:
  ros__parameters:
    use_sim_time: true

    # simulator mode
    simulator_mode: false

    # save file directory
    save_directory: "/root/cslam_ws/src/Co-LRIO/co_lrio_output/graco"

    # The unset/debug/info/warn/error/fatal log level = 0/10/20/30/40/50
    loop_log_level: 30
    loop_log_mini_level: 20
    optimization_log_level: 30
    optimization_log_mini_level: 20
    uwb_log_level: 30
    pcm_log_level: 30
    map_log_mini_level: 30

    # frames
    lidar_frame: "/velodyne"
    baselink_frame: "/base_link"  #gnss
    odometry_frame: "/base_enu"
    world_frame: "/world"

    # LiDAR setting
    sensor: velodyne
    scan_topic: "velodyne/points"
    n_scan: 16
    horizon_scan: 1800
    downsample_rate: 1
    lidar_min_range: 1.0
    lidar_max_range: 1000.0
    
    # GPS Setting
    use_gnss: false
    use_rtk: false
    gps_cov_threshold: 0.3
    use_gps_elevation: true

    # feature threshold
    extract_feature: false
    edge_threshold: 1.0
    surf_threshold: 0.1

    # keyframe
    keyframe_add_dist_threshold: 1.0
    keyframe_add_angle_threshold: 0.2

    # local map
    use_ikd_tree: false
    keyframes_density: 3.0 
    keyframes_search_radius: 30.0

    # odometry gicp setting
    leaf_size: 0.4
    epsilon: 0.005
    max_iteration_time: 64
    max_correspondence_distance: 5.0
    ransac_outlier_reject_threshold: 1.0
    ransac_iterations_time: 5

    # loop detection setting
    descriptor_type: "ScanContext"
    distance_threshold: 0.35 #0.25 # 0.45
    candidates_num: 20
    # descriptor_type: "LidarIris"
    # distance_threshold: 0.35 # 0.5
    # candidates_num: 20
    max_radius: 80.0
    exclude_recent_num: 200
    history_keyframe_search_num: 25
    fitness_score_threshold: 0.4 #0.2
    intra_icp_max_correspondence_distance: 15.0 #30.0
    intra_icp_iterations_time: 300 #60
    inter_icp_max_correspondence_distance: 10.0
    inter_icp_iterations_time: 200

    # cpu setting
    number_of_cores: 2
    loop_detection_interval: 0.01

co_lrio_concentrated_mapping:
  ros__parameters:
    manual_init_robot_0: [0.0, 0.0, 0.0, 0.0, 0.0, 0.0]
    manual_init_robot_1: [-234.0, 21.3, 0.09, 0.0, 0.0, -1.52]
    # manual_init_robot_2: [10.0, 0.0, 0.0, 0.0, 0.0, 0.0]

    # loop detection setting
    enable_loop: true
    map_leaf_size: 0.4

    # pcm configuration
    loop_num_threshold: 1
    use_pcm: false
    pcm_threshold: 1.635 # 0.872, 1.635, 2.204, 3.455, 5.348, 7.840

    # uwb configuration
    enable_ranging: false 
    enable_ranging_outlier_threshold: false
    ranging_outlier_threshold: 0.05 # 0.1, 0.2
    minimum_ranging: 0.4
    uwb_distance_thereshold_for_loop: 0.01

    # optimization setting
    enable_risam: false
    use_global_near_map: false
    global_near_map: 10.0

    # cpu setting
    parallel_cpu_core: 2
    pub_tf_interval: 0.01
    pub_global_map_interval: 20.0
    global_map_visualization_radius: 100.0

# robot_2:
#   co_lrio_lidar_odometry:
#     ros__parameters:
#       # IMU Settings
#       imu_topic: "gnss/imu"
#       scan_topic: "velodyne/points"
#       imu_acc_noise: 1.0028108e-02
#       imu_gyr_noise: 8.3723892e-04
#       imu_acc_bias_noise:  5.5367077e-04 
#       imu_gyr_bias_noise: 1.5212086e-05 
#       imu_gravity: 9.79172227

#       # Extrinsics: T_lb (lidar -> imu)
#       extrinsic_l2i: [ 0.99991642, -0.01025064, -0.00787932,  0.012933,
#                        0.01018984,  0.99991829, -0.00771833,  0.020816,
#                        0.00795779,  0.00763740,  0.99993917, -0.122366,
#                        0.0,         0.0,         0.0,         1.0 ] 

robot_1:
  co_lrio_lidar_odometry:
    ros__parameters:
      # IMU Settings
      imu_topic: "gnss/imu"
      # scan_topic: "velodyne/points"
      imu_acc_noise: 1.0028108e-02
      imu_gyr_noise: 8.3723892e-04
      imu_acc_bias_noise:  5.5367077e-04 
      imu_gyr_bias_noise: 1.5212086e-05 
      imu_gravity: 9.79172227

      # Extrinsics: T_lb (lidar -> imu)
      extrinsic_l2i: [ 0.99991642, -0.01025064, -0.00787932,  0.012933,
                       0.01018984,  0.99991829, -0.00771833,  0.020816,
                       0.00795779,  0.00763740,  0.99993917, -0.122366,
                       0.0,         0.0,         0.0,         1.0 ] 

robot_0:
  co_lrio_lidar_odometry:
    ros__parameters:
      # IMU Settings
      imu_topic: "gnss/imu"
      # scan_topic: "velodyne/points"
      imu_acc_noise: 1.0028108e-02
      imu_gyr_noise: 8.3723892e-04
      imu_acc_bias_noise:  5.5367077e-04 
      imu_gyr_bias_noise: 1.5212086e-05 
      imu_gravity: 9.79172227

      # Extrinsics: T_lb (lidar -> imu)
      extrinsic_l2i: [ 0.99991642, -0.01025064, -0.00787932,  0.012933,
                       0.01018984,  0.99991829, -0.00771833,  0.020816,
                       0.00795779,  0.00763740,  0.99993917, -0.122366,
                       0.0,         0.0,         0.0,         1.0 ]
